block.png [W: 17 / H: 15]
-1,-1,-1, 5, 5, 5, 5, 5, 5, 5, 5, 5, 5, 5, 5, 5, 5,-1,-1,-1, 5, 5, 5, 5, 5, 5, 5, 5, 5, 5, 5, 5, 5, 5,-1,-1, 5, 5, 5, 5, 1, 1, 1, 1, 1, 5, 5, 5, 5, 5, 5,-1,-1, 5, 5, 5, 1, 5, 5, 5, 5, 5, 1, 5, 5, 5, 5, 5,-1, 5, 5, 5, 5, 1, 1, 1, 1, 1, 1, 1, 5, 5, 5, 1, 5,-1, 5, 5, 5, 5, 5, 1, 1, 1, 1, 1, 5, 5, 5, 5, 1, 5, 5, 5, 5, 5, 5, 5, 5, 5, 5, 5, 5, 5, 5, 5, 1, 1, 5, 5, 5, 5, 5, 5, 5, 5, 5, 5, 5, 5, 5, 5, 5, 1, 1, 5, 5, 5, 1, 5, 1, 5, 1, 5, 1, 5, 1, 5, 1, 5, 1, 1, 5, 5, 1, 5, 1, 5, 1, 5, 1, 5, 1, 5, 1, 5, 5, 1, 5,-1, 5, 5, 1, 5, 1, 5, 1, 5, 1, 5, 1, 5, 1, 5, 1, 5,-1, 5, 1, 5, 1, 5, 1, 5, 1, 5, 1, 5, 1, 5, 5, 5,-1,-1, 5, 5, 1, 5, 1, 5, 1, 5, 1, 5, 1, 5, 1, 5, 5,-1,-1, 5, 1, 5, 1, 5, 1, 5, 1, 5, 1, 5, 1, 5, 5,-1,-1,-1, 5, 5, 5, 5, 5, 5, 5, 5, 5, 5, 5, 5, 5, 5,-1,-1,-1,
Hex Encoded: fff55555555555555fff55555555555555ff555511111555555ff555155555155555f5555111111155515f55555111115555155555555555555511555555555555555115551515151515151155151515151515515f5515151515151515f515151515151555ff551515151515155ff51515151515155fff55555555555555fff
B64 Encoded: //VVVVVVVVVf/1VVVVVVVVX/VVURERVVVV/1VRVVVRVVVfVVUREREVVRX1VVURERVVUVVVVVVVVVVRFVVVVVVVVVURVVFRUVFRUVEVUVFRUVFRVRX1UVFRUVFRUV9RUVFRUVFVX/VRUVFRUVFV/1FRUVFRUVX/9VVVVVVVVV//8

gate.png [W: 10 / H: 3]
-1, 1, 1,-1, 1,-1, 1, 1,-1, 1,-1,-1,-1,-1,-1,-1,-1,-1,-1,-1, 1, 1,-1, 1,-1, 1, 1,-1, 1,-1,
Hex Encoded: f11f1f11f1ffffffffff11f1f11f1f
B64 Encoded: 8R8fEfH//////xHx8R8f

ghostBottom0.png [W: 13 / H: 3]
 0, 1, 1, 0, 0, 1, 1, 1, 1, 0, 0, 1, 0, 0, 1, 0,-1,-1, 0, 1, 1, 0,-1,-1, 0,-1,-1, 0,-1,-1,-1,-1, 0, 0,-1,-1,-1,-1,-1,
Hex Encoded: 0110011110010010ff0110ff0ff0ffff00fffff
B64 Encoded: ARABERABABD/ARD/D/D//wD///8

ghostBottom1.png [W: 13 / H: 3]
 0, 1, 1, 1, 1, 0, 0, 1, 1, 1, 1, 0,-1,-1, 0, 1, 1, 0,-1,-1, 0, 1, 1, 0,-1,-1,-1,-1, 0, 0,-1,-1,-1,-1, 0, 0,-1,-1,-1,
Hex Encoded: 011110011110ff0110ff0110ffff00ffff00fff
B64 Encoded: AREQAREQ/wEQ/wEQ//8A//8A//8

ghostBottom2.png [W: 13 / H: 3]
-1, 0, 0, 1, 1, 1, 1, 0, 0, 1, 1, 1, 0,-1,-1,-1, 0, 1, 1, 0,-1,-1, 0, 1, 1, 0,-1,-1,-1,-1, 0, 0,-1,-1,-1,-1, 0, 0,-1,
Hex Encoded: f001111001110fff0110ff0110ffff00ffff00f
B64 Encoded: 8AEREAERD/8BEP8BEP//AP//AP8

ghostEatenL.png [W: 11 / H: 4]
-1, 0, 0,-1, 0, 0,-1,-1,-1,-1,-1, 0, 7, 7, 0, 7, 7, 0,-1,-1,-1,-1, 0, 7, 0, 0, 7, 0,-1,-1,-1,-1,-1,-1, 0,-1,-1, 0,-1,-1,-1,-1,-1,-1,
Hex Encoded: f00f00fffff0770770ffff070070ffffff0ff0ffffff
B64 Encoded: 8A8A///wdwdw//8HAHD///8P8P///w

ghostEatenR.png [W: 11 / H: 4]
-1,-1,-1,-1,-1, 0, 0,-1, 0, 0,-1,-1,-1,-1,-1, 0, 7, 7, 0, 7, 7, 0,-1,-1,-1,-1,-1, 0, 7, 0, 0, 7, 0,-1,-1,-1,-1,-1,-1, 0,-1,-1, 0,-1,
Hex Encoded: fffff00f00fffff0770770fffff070070ffffff0ff0f
B64 Encoded: ///wDwD///B3B3D///BwBw////D/Dw

ghostOverlayL-Flee.png [W: 9 / H: 8]
-1,-1,-1,-1, 0,-1, 0,-1,-1,-1,-1,-1,-1,-1,-1,-1, 0,-1, 0, 0,-1, 0, 0,-1,-1,-1, 0, 0, 0,-1, 0, 0,-1,-1,-1,-1,-1,-1,-1,-1,-1,-1,-1,-1, 0,-1, 0, 0, 0,-1,-1,-1,-1,-1, 0, 0, 0, 0, 0,-1,-1,-1,-1, 0,-1,-1,-1, 0, 0,-1,-1,-1,
Hex Encoded: ffff0f0fffffffff0f00f00fff000f00ffffffffffff0f000fffff00000ffff0fff00fff
B64 Encoded: //8PD/////8PAPAP/wAPAP///////w8AD///AAAP//D/8A//

ghostOverlayL-Hunt.png [W: 9 / H: 8]
 0,-1,-1,-1, 0,-1, 0,-1,-1,-1,-1,-1,-1,-1,-1,-1, 0,-1, 0, 0,-1, 0, 0,-1,-1,-1, 0, 0,-1,-1, 0,-1,-1,-1,-1,-1,-1,-1,-1,-1,-1,-1,-1,-1, 0,-1,-1,-1,-1,-1,-1,-1,-1,-1,-1,-1,-1,-1,-1,-1,-1,-1,-1,-1,-1,-1,-1,-1,-1,-1,-1,-1,
Hex Encoded: 0fff0f0fffffffff0f00f00fff00ff0fffffffffffff0fffffffffffffffffffffffffff
B64 Encoded: D/8PD/////8PAPAP/wD/D////////w//////////////////

ghostOverlayR-Flee.png [W: 9 / H: 8]
-1,-1, 0,-1, 0,-1,-1,-1,-1,-1, 0,-1,-1,-1,-1,-1,-1,-1, 0,-1,-1,-1, 0, 0,-1, 0, 0,-1,-1,-1,-1, 0, 0,-1, 0, 0, 0,-1,-1,-1,-1,-1,-1,-1,-1,-1,-1,-1,-1,-1, 0, 0, 0,-1,-1,-1,-1,-1, 0, 0, 0, 0, 0,-1,-1,-1, 0, 0,-1,-1,-1, 0,
Hex Encoded: ff0f0fffff0fffffff0fff00f00ffff00f000fffffffffffff000fffff00000fff00fff0
B64 Encoded: /w8P//8P////D/8A8A//8A8AD////////wAP//8AAA//AP/w

ghostOverlayR-Hunt.png [W: 9 / H: 8]
-1,-1, 0,-1, 0,-1,-1,-1, 0,-1, 0,-1,-1,-1,-1,-1,-1,-1, 0,-1,-1,-1, 0, 0,-1, 0, 0,-1,-1,-1,-1,-1, 0,-1,-1, 0, 0,-1,-1,-1,-1,-1,-1,-1,-1,-1,-1,-1,-1,-1,-1,-1,-1,-1,-1,-1,-1,-1,-1,-1,-1,-1,-1,-1,-1,-1,-1,-1,-1,-1,-1,-1,
Hex Encoded: ff0f0fff0f0fffffff0fff00f00fffff0ff00fffffffffffffffffffffffffffffffffff
B64 Encoded: /w8P/w8P////D/8A8A///w/wD///////////////////////

ghostOverlayU.png [W: 9 / H: 8]
-1,-1, 0,-1, 0,-1,-1,-1,-1,-1, 0,-1,-1,-1,-1,-1,-1,-1, 0,-1,-1,-1,-1,-1,-1,-1,-1,-1,-1,-1,-1,-1,-1,-1,-1,-1, 0,-1,-1,-1,-1,-1,-1,-1,-1,-1,-1,-1,-1,-1,-1,-1,-1,-1,-1,-1,-1,-1,-1,-1,-1,-1,-1,-1,-1,-1,-1,-1,-1,-1,-1,-1,
Hex Encoded: ff0f0fffff0fffffff0fffffffffffffffff0fffffffffffffffffffffffffffffffffff
B64 Encoded: /w8P//8P////D///////////D///////////////////////

ghostTop.png [W: 13 / H: 11]
-1,-1,-1,-1, 0, 0, 0, 0, 0,-1,-1,-1,-1,-1,-1,-1, 0, 1, 1, 1, 1, 1, 0,-1,-1,-1,-1,-1, 0, 1, 1, 1, 1, 1, 1, 1, 0,-1,-1,-1, 0, 1, 1, 1, 1, 1, 1, 1, 1, 1, 0,-1, 0, 1, 1, 1, 1, 1, 1, 1, 1, 1, 1, 1, 0, 0, 1, 1, 1, 1, 1, 1, 1, 1, 1, 1, 1, 0, 0, 1, 1, 1, 1, 1, 1, 1, 1, 1, 1, 1, 0, 0, 1, 1, 1, 1, 1, 1, 1, 1, 1, 1, 1, 0, 0, 1, 1, 1, 1, 1, 1, 1, 1, 1, 1, 1, 0, 0, 1, 1, 1, 1, 1, 1, 1, 1, 1, 1, 1, 0, 0, 1, 1, 1, 1, 1, 1, 1, 1, 1, 1, 1, 0,
Hex Encoded: ffff00000fffffff0111110fffff011111110fff01111111110f0111111111110011111111111001111111111100111111111110011111111111001111111111100111111111110
B64 Encoded: //8AAA////8BEREP//8BERERD/8BEREREQ8BEREREREAEREREREQARERERERABEREREREAEREREREQARERERERABEREREREP

pacmanD0.png [W: 13 / H: 13]
-1,-1,-1, 0, 0, 0, 0, 0, 0, 0,-1,-1,-1,-1,-1, 0, 0, 6, 6, 6, 6, 6, 0, 0,-1,-1,-1, 0, 0, 6, 6, 6, 6, 6, 0, 6, 0, 0,-1, 0, 0, 6, 6, 6, 6, 6, 6, 6, 0, 6, 0, 0, 0, 6, 0, 0, 6, 6, 6, 0, 0, 6, 0, 6, 0, 0, 6, 0, 6, 6, 6, 6, 0, 6, 6, 6, 6, 0, 0, 6, 6, 6, 6, 6, 6, 6, 6, 6, 6, 6, 0, 0, 0, 6, 6, 6, 6, 6, 6, 6, 0, 6, 6, 0, 0, 6, 0, 0, 6, 6, 6, 0, 0, 6, 6, 6, 0, 0, 0, 6, 6, 0, 0, 0, 6, 6, 6, 6, 0, 0,-1, 0, 0, 6, 6, 6, 6, 6, 6, 6, 0, 0,-1,-1,-1, 0, 0, 6, 6, 6, 6, 6, 0, 0,-1,-1,-1,-1,-1, 0, 0, 0, 0, 0, 0, 0,-1,-1,-1,
Hex Encoded: fff0000000fffff006666600fff00666660600f0066666660600060066600606006066660666600666666666660006666666066006006660066600066000666600f00666666600fff006666600fffff0000000fff
B64 Encoded: //AAAAD///AGZmYA//AGZmYGAPAGZmZmBgAGAGZgBgYAYGZmBmZgBmZmZmZmAAZmZmYGYAYAZmAGZgAGYABmZgDwBmZmZgD/8AZmZgD///AAAAD//w

pacmanD1.png [W: 13 / H: 13]
-1,-1,-1, 0, 0, 0, 0, 0, 0, 0,-1,-1,-1,-1,-1, 0, 0, 6, 6, 6, 6, 6, 0, 0,-1,-1,-1, 0, 0, 6, 6, 6, 6, 6, 0, 6, 0, 0,-1, 0, 0, 6, 6, 6, 6, 6, 6, 6, 0, 6, 0, 0, 0, 6, 0, 0, 6, 6, 6, 0, 0, 6, 0, 6, 0, 0, 6, 0, 6, 6, 6, 6, 0, 6, 6, 6, 6, 0, 0, 6, 6, 6, 6, 6, 6, 6, 6, 6, 6, 6, 0, 0, 0, 6, 6, 6, 6, 6, 6, 6, 6, 0, 6, 0, 0, 6, 0, 0, 0, 0, 0, 0, 0, 0, 6, 6, 0, 0, 0, 6, 0, 0, 0, 0, 0, 6, 6, 6, 0, 0,-1, 0, 0, 6, 6, 6, 6, 6, 6, 6, 0, 0,-1,-1,-1, 0, 0, 6, 6, 6, 6, 6, 0, 0,-1,-1,-1,-1,-1, 0, 0, 0, 0, 0, 0, 0,-1,-1,-1,
Hex Encoded: fff0000000fffff006666600fff00666660600f0066666660600060066600606006066660666600666666666660006666666606006000000006600060000066600f00666666600fff006666600fffff0000000fff
B64 Encoded: //AAAAD///AGZmYA//AGZmYGAPAGZmZmBgAGAGZgBgYAYGZmBmZgBmZmZmZmAAZmZmZgYAYAAAAAZgAGAAAGZgDwBmZmZgD/8AZmZgD///AAAAD//w

pacmanD2.png [W: 13 / H: 13]
-1,-1,-1, 0, 0, 0, 0, 0, 0, 0,-1,-1,-1,-1,-1, 0, 0, 6, 6, 6, 6, 6, 0, 0,-1,-1,-1, 0, 0, 6, 6, 6, 6, 6, 0, 6, 0, 0,-1, 0, 0, 6, 6, 6, 6, 6, 6, 6, 0, 6, 0, 0, 0, 6, 0, 0, 6, 6, 6, 0, 0, 6, 0, 6, 0, 0, 6, 0, 6, 6, 6, 6, 0, 6, 6, 6, 6, 0, 0, 0, 6, 6, 6, 6, 6, 6, 6, 6, 6, 6, 0, 0, 6, 0, 0, 0, 0, 0, 0, 0, 0, 6, 6, 0, 0, 6, 0, 0, 0, 0, 0, 0, 0, 0, 6, 6, 0, 0, 0, 6, 0, 0, 0, 0, 0, 0, 6, 6, 0, 0,-1, 0, 6, 6, 0, 0, 0, 6, 6, 6, 0, 0,-1,-1,-1, 0, 0, 6, 6, 6, 6, 6, 0, 0,-1,-1,-1,-1,-1, 0, 0, 0, 0, 0, 0, 0,-1,-1,-1,
Hex Encoded: fff0000000fffff006666600fff00666660600f0066666660600060066600606006066660666600066666666660060000000066006000000006600060000006600f06600066600fff006666600fffff0000000fff
B64 Encoded: //AAAAD///AGZmYA//AGZmYGAPAGZmZmBgAGAGZgBgYAYGZmBmZgAGZmZmZmAGAAAAAGYAYAAAAAZgAGAAAAZgDwZgAGZgD/8AZmZgD///AAAAD//w

pacmanL0.png [W: 13 / H: 13]
-1,-1,-1, 0, 0, 0, 0, 0, 0, 0,-1,-1,-1,-1,-1, 0, 0, 6, 6, 6, 6, 6, 0, 0,-1,-1,-1, 0, 0, 6, 6, 6, 6, 6, 0, 6, 0, 0,-1, 0, 0, 6, 6, 6, 6, 6, 6, 6, 0, 6, 0, 0, 0, 6, 0, 0, 6, 6, 6, 6, 6, 6, 0, 6, 0, 0, 6, 0, 6, 6, 6, 6, 6, 6, 6, 6, 6, 0, 0, 6, 6, 6, 6, 6, 6, 6, 6, 6, 0, 6, 0, 0, 6, 6, 6, 6, 6, 6, 6, 6, 6, 6, 6, 0, 0, 0, 0, 6, 6, 6, 6, 6, 6, 6, 6, 6, 0, 0, 0, 6, 0, 6, 6, 6, 6, 6, 6, 6, 0, 0,-1, 0, 0, 6, 6, 6, 6, 6, 6, 6, 0, 0,-1,-1,-1, 0, 0, 6, 6, 6, 6, 6, 0, 0,-1,-1,-1,-1,-1, 0, 0, 0, 0, 0, 0, 0,-1,-1,-1,
Hex Encoded: fff0000000fffff006666600fff00666660600f0066666660600060066666606006066666666600666666666060066666666666000066666666600060666666600f00666666600fff006666600fffff0000000fff
B64 Encoded: //AAAAD///AGZmYA//AGZmYGAPAGZmZmBgAGAGZmZgYAYGZmZmZgBmZmZmYGAGZmZmZmYAAGZmZmZgAGBmZmZgDwBmZmZgD/8AZmZgD///AAAAD//w

pacmanL1.png [W: 13 / H: 13]
-1,-1,-1, 0, 0, 0, 0, 0, 0, 0,-1,-1,-1,-1,-1, 0, 0, 6, 6, 6, 6, 6, 0, 0,-1,-1,-1, 0, 0, 6, 6, 6, 6, 6, 0, 6, 0, 0,-1, 0, 0, 6, 6, 6, 6, 6, 6, 6, 0, 6, 0, 0, 0, 6, 0, 0, 6, 6, 6, 6, 6, 6, 0, 6, 0, 0, 6, 0, 6, 6, 6, 6, 6, 6, 6, 6, 6, 0, 0, 6, 6, 6, 6, 6, 6, 6, 6, 6, 0, 6, 0, 0, 0, 6, 6, 6, 6, 6, 6, 6, 6, 6, 6, 0, 0, 0, 0, 0, 6, 6, 6, 6, 6, 6, 6, 6, 0, 0, 0, 6, 0, 0, 6, 6, 6, 6, 6, 6, 0, 0,-1, 0, 0, 6, 6, 6, 6, 6, 6, 6, 0, 0,-1,-1,-1, 0, 0, 6, 6, 6, 6, 6, 0, 0,-1,-1,-1,-1,-1, 0, 0, 0, 0, 0, 0, 0,-1,-1,-1,
Hex Encoded: fff0000000fffff006666600fff00666660600f0066666660600060066666606006066666666600666666666060006666666666000006666666600060066666600f00666666600fff006666600fffff0000000fff
B64 Encoded: //AAAAD///AGZmYA//AGZmYGAPAGZmZmBgAGAGZmZgYAYGZmZmZgBmZmZmYGAAZmZmZmYAAAZmZmZgAGAGZmZgDwBmZmZgD/8AZmZgD///AAAAD//w

pacmanL2.png [W: 13 / H: 13]
-1,-1,-1, 0, 0, 0, 0, 0, 0, 0,-1,-1,-1,-1,-1, 0, 0, 6, 6, 6, 6, 6, 0, 0,-1,-1,-1, 0, 0, 6, 6, 6, 6, 6, 0, 6, 0, 0,-1, 0, 0, 6, 6, 6, 6, 6, 6, 6, 0, 6, 0, 0, 0, 6, 0, 0, 6, 6, 6, 6, 6, 6, 0, 6, 0, 0, 6, 0, 6, 6, 6, 6, 6, 6, 6, 6, 6, 0, 0, 0, 6, 6, 6, 6, 6, 6, 6, 6, 0, 6, 0,-1, 0, 0, 6, 6, 6, 6, 6, 6, 6, 6, 6, 0,-1,-1, 0, 0, 6, 6, 6, 6, 6, 6, 6, 6, 0,-1,-1, 0, 0, 0, 6, 6, 6, 6, 6, 6, 0, 0,-1, 0, 0, 6, 6, 6, 6, 6, 6, 6, 0, 0,-1,-1,-1, 0, 0, 6, 6, 6, 6, 6, 0, 0,-1,-1,-1,-1,-1, 0, 0, 0, 0, 0, 0, 0,-1,-1,-1,
Hex Encoded: fff0000000fffff006666600fff00666660600f0066666660600060066666606006066666666600066666666060f006666666660ff00666666660ff00066666600f00666666600fff006666600fffff0000000fff
B64 Encoded: //AAAAD///AGZmYA//AGZmYGAPAGZmZmBgAGAGZmZgYAYGZmZmZgAGZmZmYGDwBmZmZmYP8AZmZmZg/wAGZmZgDwBmZmZgD/8AZmZgD///AAAAD//w

pacmanR0.png [W: 13 / H: 13]
-1,-1,-1, 0, 0, 0, 0, 0, 0, 0,-1,-1,-1,-1,-1, 0, 0, 6, 6, 6, 6, 6, 0, 0,-1,-1,-1, 0, 0, 6, 0, 6, 6, 6, 6, 6, 0, 0,-1, 0, 0, 6, 0, 6, 6, 6, 6, 0, 0, 6, 0, 0, 0, 6, 0, 6, 6, 6, 0, 0, 6, 0, 6, 6, 0, 0, 6, 6, 6, 6, 6, 6, 0, 6, 6, 6, 6, 0, 0, 6, 0, 6, 6, 6, 6, 6, 6, 6, 6, 6, 0, 0, 6, 6, 6, 6, 6, 6, 6, 6, 6, 6, 0, 0, 0, 6, 6, 6, 6, 6, 6, 6, 6, 0, 0, 6, 0, 0, 0, 6, 6, 6, 6, 0, 0, 0, 6, 6, 0, 0,-1, 0, 0, 6, 6, 6, 6, 6, 6, 6, 0, 0,-1,-1,-1, 0, 0, 6, 6, 6, 6, 6, 0, 0,-1,-1,-1,-1,-1, 0, 0, 0, 0, 0, 0, 0,-1,-1,-1,
Hex Encoded: fff0000000fffff006666600fff00606666600f0060666600600060666006066006666660666600606666666660066666666660006666666600600066660006600f00666666600fff006666600fffff0000000fff
B64 Encoded: //AAAAD///AGZmYA//AGBmZmAPAGBmZgBgAGBmYAYGYAZmZmBmZgBgZmZmZmAGZmZmZmAAZmZmZgBgAGZmAAZgDwBmZmZgD/8AZmZgD///AAAAD//w

pacmanR1.png [W: 13 / H: 13]
-1,-1,-1, 0, 0, 0, 0, 0, 0, 0,-1,-1,-1,-1,-1, 0, 0, 6, 6, 6, 6, 6, 0, 0,-1,-1,-1, 0, 0, 6, 0, 6, 6, 6, 6, 6, 0, 0,-1, 0, 0, 6, 0, 6, 6, 6, 6, 0, 0, 6, 0, 0, 0, 6, 0, 6, 6, 6, 0, 0, 6, 0, 6, 6, 0, 0, 6, 6, 6, 6, 6, 6, 0, 6, 6, 6, 6, 0, 0, 6, 0, 6, 6, 6, 6, 6, 6, 6, 6, 0,-1, 0, 6, 6, 6, 6, 6, 6, 6, 6, 0, 6, 0,-1, 0, 6, 6, 6, 6, 6, 6, 0, 0, 0, 0, 6, 0, 0, 0, 6, 6, 6, 6, 0, 0, 0, 0, 6, 0, 0,-1, 0, 0, 6, 6, 6, 6, 6, 6, 6, 6, 0,-1,-1,-1, 0, 0, 6, 6, 6, 6, 6, 0, 0,-1,-1,-1,-1,-1, 0, 0, 0, 0, 0, 0, 0,-1,-1,-1,
Hex Encoded: fff0000000fffff006666600fff00606666600f006066660060006066600606600666666066660060666666660f066666666060f06666660000600066660000600f00666666660fff006666600fffff0000000fff
B64 Encoded: //AAAAD///AGZmYA//AGBmZmAPAGBmZgBgAGBmYAYGYAZmZmBmZgBgZmZmZg8GZmZmYGDwZmZmAABgAGZmAABgDwBmZmZmD/8AZmZgD///AAAAD//w

pacmanR2.png [W: 13 / H: 13]
-1,-1,-1, 0, 0, 0, 0, 0, 0, 0,-1,-1,-1,-1,-1, 0, 0, 6, 6, 6, 6, 6, 0, 0,-1,-1,-1, 0, 0, 6, 0, 6, 6, 6, 6, 6, 0, 0,-1, 0, 0, 6, 0, 6, 6, 6, 6, 0, 0, 6, 0, 0, 0, 6, 0, 6, 6, 6, 0, 0, 6, 0, 6, 6, 0, 0, 6, 6, 6, 6, 6, 6, 0, 6, 6, 0, 0, 0, 0, 6, 0, 6, 6, 6, 6, 6, 6, 0, 0,-1,-1, 0, 6, 6, 6, 6, 6, 6, 0, 0, 6, 0, 0,-1, 0, 6, 6, 6, 6, 0, 0, 0, 0, 0, 6, 0,-1, 0, 0, 6, 6, 6, 0, 0, 0, 0, 0, 6, 0,-1,-1, 0, 0, 6, 6, 6, 0, 0, 0, 6, 6, 0,-1,-1,-1, 0, 0, 6, 6, 6, 6, 6, 6, 0,-1,-1,-1,-1,-1, 0, 0, 0, 0, 0, 0, 0,-1,-1,-1,
Hex Encoded: fff0000000fffff006666600fff00606666600f00606666006000606660060660066666606600006066666600ff066666600600f066660000060f006660000060ff00666000660fff006666660fffff0000000fff
B64 Encoded: //AAAAD///AGZmYA//AGBmZmAPAGBmZgBgAGBmYAYGYAZmZmBmAABgZmZmAP8GZmZgBgDwZmYAAAYPAGZgAABg/wBmYABmD/8AZmZmD///AAAAD//w

pacmanU0.png [W: 13 / H: 13]
-1,-1,-1, 0, 0, 0, 0, 0, 0, 0,-1,-1,-1,-1,-1, 0, 0, 6, 6, 6, 6, 6, 0, 0,-1,-1,-1, 0, 0, 6, 0, 6, 6, 6, 6, 6, 0, 0,-1, 0, 0, 6, 0, 6, 6, 6, 6, 6, 0, 6, 0, 0, 0, 6, 0, 6, 6, 6, 6, 6, 6, 6, 6, 6, 0, 0, 6, 6, 6, 6, 6, 6, 6, 6, 6, 6, 6, 0, 0, 6, 0, 6, 6, 6, 6, 6, 6, 6, 6, 0, 0, 0, 6, 6, 6, 6, 6, 6, 6, 6, 6, 6, 6, 0, 0, 6, 6, 6, 6, 6, 6, 6, 6, 6, 6, 6, 0, 0, 0, 6, 6, 6, 6, 6, 6, 6, 6, 6, 0, 0,-1, 0, 0, 6, 6, 6, 6, 6, 6, 6, 0, 0,-1,-1,-1, 0, 0, 6, 6, 6, 6, 6, 0, 0,-1,-1,-1,-1,-1, 0, 0, 0, 0, 0, 0, 0,-1,-1,-1,
Hex Encoded: fff0000000fffff006666600fff00606666600f0060666660600060666666666006666666666600606666666600066666666666006666666666600066666666600f00666666600fff006666600fffff0000000fff
B64 Encoded: //AAAAD///AGZmYA//AGBmZmAPAGBmZmBgAGBmZmZmYAZmZmZmZgBgZmZmZgAGZmZmZmYAZmZmZmZgAGZmZmZgDwBmZmZgD/8AZmZgD///AAAAD//w

pacmanU1.png [W: 13 / H: 13]
-1,-1,-1, 0, 0, 0, 0, 0, 0, 0,-1,-1,-1,-1,-1, 0, 0, 6, 6, 6, 6, 6, 0, 0,-1,-1,-1, 0, 0, 6, 0, 6, 6, 6, 6, 6, 0, 0,-1, 0, 0, 6, 0, 6, 6, 6, 6, 6, 0, 6, 0, 0, 0, 6, 0, 6, 6, 6, 6, 6, 6, 6, 6, 6, 0, 0, 6, 6, 6, 6, 6, 6, 6, 6, 6, 6, 0, 0, 0, 6, 0, 6, 6, 6, 6, 6, 6, 6, 0, 0, 0, 0, 6, 6, 6, 6, 6, 6, 6, 6, 6, 6, 6, 0, 0, 6, 6, 6, 6, 6, 6, 6, 6, 6, 6, 6, 0, 0, 0, 6, 6, 6, 6, 6, 6, 6, 6, 6, 0, 0,-1, 0, 0, 6, 6, 6, 6, 6, 6, 6, 0, 0,-1,-1,-1, 0, 0, 6, 6, 6, 6, 6, 0, 0,-1,-1,-1,-1,-1, 0, 0, 0, 0, 0, 0, 0,-1,-1,-1,
Hex Encoded: fff0000000fffff006666600fff00606666600f0060666660600060666666666006666666666000606666666000066666666666006666666666600066666666600f00666666600fff006666600fffff0000000fff
B64 Encoded: //AAAAD///AGZmYA//AGBmZmAPAGBmZmBgAGBmZmZmYAZmZmZmYABgZmZmYAAGZmZmZmYAZmZmZmZgAGZmZmZgDwBmZmZgD/8AZmZgD///AAAAD//w

pacmanU2.png [W: 13 / H: 13]
-1,-1,-1, 0, 0, 0, 0, 0, 0, 0,-1,-1,-1,-1,-1, 0, 0, 6, 6, 6, 6, 6, 0, 0,-1,-1,-1, 0, 0, 6, 0, 6, 6, 6, 6, 6, 0, 0,-1, 0, 0, 6, 0, 6, 6, 6, 6, 6, 0, 6, 0,-1, 0, 6, 0, 6, 6, 6, 6, 6, 6, 6, 6, 0,-1, 0, 6, 6, 6, 6, 6, 6, 6, 6, 6, 0, 0,-1, 0, 6, 0, 6, 6, 6, 6, 6, 6, 0, 0,-1,-1, 0, 6, 6, 6, 6, 6, 6, 6, 6, 0, 0,-1,-1, 0, 6, 6, 6, 6, 6, 6, 6, 6, 6, 0, 0,-1, 0, 0, 6, 6, 6, 6, 6, 6, 6, 6, 6, 0,-1,-1, 0, 0, 6, 6, 6, 6, 6, 6, 6, 0, 0,-1,-1,-1, 0, 0, 6, 6, 6, 6, 6, 0, 0,-1,-1,-1,-1,-1, 0, 0, 0, 0, 0, 0, 0,-1,-1,-1,
Hex Encoded: fff0000000fffff006666600fff00606666600f006066666060f060666666660f066666666600f06066666600ff06666666600ff066666666600f006666666660ff00666666600fff006666600fffff0000000fff
B64 Encoded: //AAAAD///AGZmYA//AGBmZmAPAGBmZmBg8GBmZmZmDwZmZmZmAPBgZmZmAP8GZmZmYA/wZmZmZmAPAGZmZmZg/wBmZmZgD/8AZmZgD///AAAAD//w

pill.png [W: 5 / H: 5]
-1, 0, 0, 0,-1, 0, 0, 6, 0, 0, 0, 6, 6, 6, 0, 0, 0, 6, 0, 0,-1, 0, 0, 0,-1,
Hex Encoded: f000f006000666000600f000f
B64 Encoded: 8ADwBgAGZgAGAPAA/w

powerPill.png [W: 7 / H: 7]
-1,-1, 0, 0, 0,-1,-1,-1, 0, 6, 6, 6, 0,-1, 0, 6, 6, 0, 0, 6, 0, 0, 6, 6, 6, 0, 6, 0, 0, 6, 6, 6, 6, 6, 0,-1, 0, 6, 6, 6, 0,-1,-1,-1, 0, 0, 0,-1,-1,
Hex Encoded: ff000fff06660f066006006660600666660f06660fff000ff
B64 Encoded: /wAP/wZmDwZgBgBmYGAGZmYPBmYP/wAP/w
